data/guangling.json
{"header": { "discipline": 0, "disciplineName": "Meteorological products", "gribEdition": 2, "gribLength": 76420, "center": 7, "centerName": "US National Weather Service - NCEP(WMC)", "subcenter": 0, "refTime": "2016-04-30T06:00:00.000Z", "significanceOfRT": 1, "significanceOfRTName": "Start of forecast", "productStatus": 0, "productStatusName": "Operational products", "productType": 1, "productTypeName": "Forecast products", "productDefinitionTemplate": 0, "productDefinitionTemplateName": "Analysis/forecast at horizontal level/layer at a point in time", "parameterCategory": 2, "parameterCategoryName": "Momentum", "parameterNumber": 3, "parameterNumberName": "V-component_of_wind", "parameterUnit": "m.s-1", "genProcessType": 2, "genProcessTypeName": "Forecast", "forecastTime": 0, "surface1Type": 103, "surface1TypeName": "Specified height level above ground", "surface1Value": 10.0, "surface2Type": 255, "surface2TypeName": "Missing", "surface2Value": 0.0, "gridDefinitionTemplate": 0, "gridDefinitionTemplateName": "Latitude_Longitude", "numberPoints": 1800, "shape": 6, "shapeName": "Earth spherical with radius of 6,371,229.0 m", "gridUnits": "degrees", "resolution": 48, "winds": "true", "scanMode": 0, "nx": 60, "ny": 30, "basicAngle": 0, "subDivisions": 0, "lo1": 113, "la1": 40.5, "lo2": 115, "la2": 39.5, "dx": 0.03333333333333333, "dy": 0.03333333333333333 }, "data":
[rows 0 to 19 of 30, columns 0 to 44 of 60]
-5.11,-5.11,-5.11,-5.190833333333334,-5.3525,-5.514166666666667,-5.675833333333333,-5.8375,-5.9991666666666665,-5.92,-5.6,-5.28,-4.96,-4.640000000000001,-4.32,-3.9066666666666676,-3.4000000000000004,-2.893333333333334,-2.3866666666666676,-1.8800000000000001,-1.373333333333334,-0.9133333333333341,-0.5,-0.08666666666666696,0.32666666666666605,0.7399999999999991,1.1533333333333333,1.579166666666666,2.0175,2.4558333333333318,2.894166666666666,3.3325,3.7708333333333317,3.9608333333333334,3.9025000000000003,3.844166666666667,3.7858333333333336,3.7275,3.669166666666667,3.5100000000000007,3.25,2.990000000000001,2.7300000000000004,2.47,2.210000000000001
-5.99,-5.99,-5.99,-6.02375,-6.09125,-6.15875,-6.226249999999999,-6.29375,-6.36125,-6.1866666666666665,-5.77,-5.3533333333333335,-4.9366666666666665,-4.5200000000000005,-4.1033333333333335,-3.6416666666666675,-3.1350000000000002,-2.628333333333334,-2.1216666666666675,-1.615,-1.1083333333333338,-0.6600000000000007,-0.26999999999999996,0.1199999999999997,0.5099999999999995,0.8999999999999991,1.2899999999999998,1.679166666666666,2.0675,2.4558333333333318,2.8441666666666663,3.2325000000000004,3.6208333333333322,3.7858333333333336,3.7275000000000005,3.6691666666666674,3.610833333333334,3.5525,3.494166666666667,3.3362500000000006,3.0787500000000003,2.821250000000001,2.5637500000000006,2.3062500000000004,2.048750000000001
-6.98,-6.98,-6.98,-6.940138888888889,-6.860416666666667,-6.780694444444445,-6.700972222222222,-6.62125,-6.5415277777777785,-6.25375,-5.757916666666667,-5.262083333333334,-4.76625,-4.270416666666667,-3.774583333333334,-3.2775000000000007,-2.779166666666667,-2.2808333333333337,-1.7825000000000006,-1.2841666666666667,-0.7858333333333337,-0.357083333333334,0.0020833333333333533,0.36124999999999974,0.720416666666666,1.0795833333333325,1.4387499999999998,1.7716666666666663,2.0783333333333336,2.384999999999999,2.6916666666666664,2.9983333333333335,3.3049999999999993,3.4258333333333337,3.360833333333334,3.295833333333334,3.230833333333334,3.1658333333333335,3.1008333333333336,2.937500000000001,2.6758333333333337,2.4141666666666675,2.1525000000000007,1.8908333333333336,1.6291666666666678
-7.42,-7.42,-7.42,-7.2740277777777775,-6.982083333333334,-6.69013888888889,-6.398194444444445,-6.10625,-5.814305555555556,-5.455416666666666,-5.029583333333333,-4.603750000000001,-4.177916666666667,-3.7520833333333337,-3.3262500000000004,-2.880833333333334,-2.415833333333333,-1.9508333333333336,-1.485833333333334,-1.0208333333333333,-0.5558333333333337,-0.1587500000000006,0.17041666666666663,0.499583333333333,0.8287499999999993,1.1579166666666658,1.487083333333333,1.7416666666666665,1.9216666666666666,2.101666666666666,2.2816666666666663,2.4616666666666664,2.641666666666666,2.6858333333333335,2.5941666666666667,2.5025000000000004,2.4108333333333336,2.319166666666667,2.2275,2.0375000000000005,1.7491666666666668,1.4608333333333343,1.1725000000000005,0.8841666666666667,0.5958333333333344
-6.970000000000001,-6.970000000000001,-6.970000000000001,-6.79125,-6.43375,-6.07625,-5.71875,-5.36125,-5.00375,-4.620833333333334,-4.2125,-3.804166666666667,-3.395833333333334,-2.9875000000000007,-2.579166666666667,-2.230416666666667,-1.94125,-1.6520833333333336,-1.362916666666667,-1.07375,-0.7845833333333336,-0.47875000000000056,-0.15625000000000006,0.16624999999999968,0.48874999999999935,0.8112499999999991,1.1337499999999996,1.3641666666666665,1.5025,1.6408333333333327,1.7791666666666663,1.9175,2.0558333333333327,2.0745833333333334,1.97375,1.8729166666666668,1.7720833333333337,1.6712500000000001,1.570416666666667,1.3720833333333338,1.07625,0.7804166666666678,0.48458333333333387,0.18874999999999997,-0.10708333333333225
-6.273333333333333,-6.273333333333333,-6.273333333333333,-6.081805555555556,-5.69875,-5.3156944444444445,-4.9326388888888895,-4.549583333333334,-4.1665277777777785,-3.798194444444445,-3.444583333333334,-3.0909722222222227,-2.7373611111111114,-2.383750000000001,-2.030138888888889,-1.7944444444444445,-1.6766666666666667,-1.558888888888889,-1.4411111111111112,-1.323333333333333,-1.2055555555555557,-0.9911111111111116,-0.6799999999999999,-0.3688888888888891,-0.05777777777777823,0.2533333333333326,0.5644444444444443,0.7748611111111112,0.8845833333333336,0.9943055555555553,1.1040277777777778,1.2137500000000003,1.3234722222222222,1.3320833333333337,1.2395833333333335,1.147083333333334,1.0545833333333339,0.9620833333333336,0.8695833333333339,0.6944444444444452,0.43666666666666687,0.17888888888888999,-0.07888888888888829,-0.33666666666666656,-0.5944444444444434
-5.726666666666667,-5.726666666666667,-5.726666666666667,-5.509027777777779,-5.07375,-4.638472222222222,-4.203194444444445,-3.7679166666666672,-3.3326388888888894,-3.0476388888888892,-2.912916666666667,-2.778194444444445,-2.6434722222222224,-2.50875,-2.3740277777777776,-2.2555555555555555,-2.1533333333333333,-2.051111111111111,-1.948888888888889,-1.8466666666666665,-1.7444444444444445,-1.5622222222222224,-1.2999999999999998,-1.037777777777778,-0.7755555555555559,-0.5133333333333339,-0.25111111111111095,-0.10236111111111074,-0.06708333333333286,-0.031805555555555184,0.0034722222222226245,0.03875000000000044,0.07402777777777829,0.06708333333333402,0.017916666666667122,-0.031249999999999292,-0.080416666666666,-0.1295833333333329,-0.17874999999999935,-0.25444444444444375,-0.35666666666666624,-0.4588888888888882,-0.5611111111111108,-0.6633333333333332,-0.7655555555555551
-4.9350000000000005,-4.9350000000000005,-4.9350000000000005,-4.745833333333334,-4.367500000000001,-3.9891666666666667,-3.6108333333333333,-3.2325000000000004,-2.854166666666667,-2.6595833333333334,-2.6487499999999997,-2.6379166666666665,-2.627083333333333,-2.61625,-2.6054166666666667,-2.550416666666667,-2.45125,-2.3520833333333337,-2.2529166666666667,-2.15375,-2.0545833333333334,-1.9091666666666671,-1.7175,-1.5258333333333336,-1.334166666666667,-1.1425000000000005,-0.9508333333333335,-0.8629166666666666,-0.8787499999999999,-0.8945833333333333,-0.9104166666666667,-0.9262499999999999,-0.9420833333333333,-0.96875,-1.0062499999999999,-1.0437499999999997,-1.0812499999999998,-1.11875,-1.1562499999999998,-1.095416666666667,-0.93625,-0.7770833333333338,-0.6179166666666669,-0.45874999999999994,-0.29958333333333387
-4.125000000000001,-4.125000000000001,-4.125000000000001,-3.982083333333334,-3.696250000000001,-3.4104166666666673,-3.1245833333333337,-2.8387500000000006,-2.552916666666667,-2.4408333333333334,-2.5025,-2.5641666666666665,-2.6258333333333335,-2.6875,-2.7491666666666665,-2.738611111111111,-2.6558333333333333,-2.5730555555555554,-2.4902777777777776,-2.4074999999999998,-2.3247222222222224,-2.219722222222222,-2.0924999999999994,-1.9652777777777777,-1.8380555555555553,-1.7108333333333332,-1.5836111111111106,-1.5479166666666662,-1.6037499999999993,-1.6595833333333325,-1.715416666666666,-1.7712499999999993,-1.8270833333333323,-1.8484722222222216,-1.835416666666666,-1.8223611111111109,-1.8093055555555553,-1.7962500000000001,-1.7831944444444447,-1.581250000000001,-1.1904166666666671,-0.7995833333333352,-0.4087500000000011,-0.017916666666667094,0.37291666666666484
-3.5050000000000003,-3.5050000000000003,-3.5050000000000003,-3.407083333333334,-3.2112500000000006,-3.0154166666666673,-2.8195833333333336,-2.6237500000000002,-2.427916666666667,-2.3675,-2.4425000000000003,-2.5175,-2.5925,-2.6674999999999995,-2.7424999999999997,-2.773055555555555,-2.7591666666666663,-2.7452777777777775,-2.7313888888888886,-2.7175,-2.703611111111111,-2.6452777777777774,-2.5424999999999995,-2.439722222222222,-2.3369444444444443,-2.234166666666667,-2.131388888888889,-2.1229166666666663,-2.2087499999999998,-2.2945833333333328,-2.380416666666666,-2.4662499999999996,-2.5520833333333326,-2.489027777777778,-2.2770833333333327,-2.0651388888888897,-1.8531944444444446,-1.64125,-1.4293055555555565,-1.1095833333333343,-0.6820833333333335,-0.25458333333333505,0.1729166666666657,0.6004166666666665,1.027916666666665
-3.5700000000000003,-3.5700000000000003,-3.5700000000000003,-3.501666666666667,-3.365,-3.2283333333333335,-3.091666666666667,-2.955,-2.8183333333333334,-2.7629166666666665,-2.7887500000000003,-2.814583333333333,-2.8404166666666666,-2.86625,-2.892083333333333,-2.864583333333333,-2.7837499999999995,-2.702916666666667,-2.6220833333333333,-2.54125,-2.4604166666666667,-2.3779166666666667,-2.29375,-2.2095833333333337,-2.1254166666666667,-2.0412500000000002,-1.9570833333333335,-1.96125,-2.05375,-2.1462499999999998,-2.23875,-2.33125,-2.4237499999999996,-2.2962500000000006,-1.94875,-1.6012500000000012,-1.2537500000000006,-0.90625,-0.5587500000000012,-0.1600000000000008,0.29000000000000004,0.7399999999999984,1.1899999999999993,1.6400000000000001,2.0899999999999985
-3.85,-3.85,-3.85,-3.8055555555555554,-3.716666666666667,-3.6277777777777778,-3.5388888888888883,-3.4499999999999993,-3.3611111111111107,-3.277083333333333,-3.1979166666666665,-3.11875,-3.0395833333333337,-2.960416666666667,-2.8812500000000005,-2.7591666666666677,-2.594166666666667,-2.4291666666666676,-2.2641666666666675,-2.0991666666666675,-1.9341666666666675,-1.8193055555555564,-1.754583333333334,-1.689861111111112,-1.6251388888888896,-1.5604166666666675,-1.495694444444445,-1.5090277777777783,-1.6004166666666673,-1.6918055555555558,-1.783194444444445,-1.874583333333334,-1.9659722222222225,-1.7950000000000015,-1.3616666666666675,-0.9283333333333355,-0.4950000000000014,-0.06166666666666725,0.3716666666666646,0.8126388888888876,1.2612499999999995,1.7098611111111093,2.1584722222222212,2.607083333333333,3.055694444444443
-4.09,-4.09,-4.09,-4.067777777777778,-4.023333333333333,-3.978888888888889,-3.934444444444444,-3.8899999999999997,-3.8455555555555554,-3.67875,-3.3895833333333334,-3.100416666666667,-2.8112500000000002,-2.522083333333334,-2.232916666666667,-2.005833333333334,-1.8408333333333335,-1.6758333333333337,-1.510833333333334,-1.3458333333333337,-1.1808333333333338,-1.0798611111111114,-1.042916666666667,-1.0059722222222227,-0.9690277777777782,-0.9320833333333337,-0.8951388888888892,-0.9218055555555557,-1.0120833333333337,-1.1023611111111111,-1.192638888888889,-1.282916666666667,-1.3731944444444444,-1.2016666666666678,-0.7683333333333336,-0.3350000000000018,0.0983333333333323,0.5316666666666664,0.9649999999999983,1.376527777777777,1.7662499999999999,2.155972222222221,2.5456944444444436,2.935416666666667,3.3251388888888873
-4.705,-4.705,-4.705,-4.640833333333333,-4.5125,-4.384166666666667,-4.255833333333333,-4.1274999999999995,-3.9991666666666665,-3.6975000000000002,-3.2225,-2.7475000000000005,-2.2725,-1.7975000000000008,-1.3225000000000005,-0.9979166666666669,-0.82375,-0.6495833333333334,-0.47541666666666693,-0.30125,-0.12708333333333344,-0.014583333333333504,0.036250000000000004,0.08708333333333329,0.13791666666666658,0.18874999999999986,0.23958333333333337,0.2150000000000002,0.11499999999999999,0.015000000000000346,-0.08499999999999985,-0.18500000000000005,-0.2849999999999997,-0.13625000000000065,0.2612500000000001,0.6587499999999985,1.0562499999999992,1.4537499999999999,1.8512499999999987,2.173333333333333,2.42,2.666666666666666,2.913333333333333,3.16,3.406666666666666
-5.2,-5.2,-5.2,-5.084722222222222,-4.854166666666667,-4.623611111111111,-4.393055555555556,-4.1625000000000005,-3.9319444444444445,-3.5125000000000006,-2.904166666666667,-2.2958333333333343,-1.6875000000000004,-1.0791666666666677,-0.47083333333333427,-0.059861111111111934,0.15374999999999947,0.3673611111111103,0.5809722222222211,0.7945833333333325,1.0081944444444433,1.150833333333332,1.222499999999999,1.2941666666666656,1.3658333333333321,1.437499999999999,1.5091666666666657,1.4897222222222215,1.3791666666666658,1.2686111111111105,1.1580555555555547,1.047499999999999,0.9369444444444438,1.0333333333333319,1.336666666666666,1.6399999999999983,1.9433333333333325,2.2466666666666666,2.549999999999999,2.7608333333333337,2.879166666666667,2.9975,3.1158333333333337,3.2341666666666673,3.3525
-4.960000000000001,-4.960000000000001,-4.960000000000001,-4.830277777777778,-4.570833333333334,-4.31138888888889,-4.0519444444444455,-3.792500000000001,-3.533055555555556,-3.0991666666666675,-2.4908333333333337,-1.8825000000000012,-1.2741666666666676,-0.6658333333333347,-0.057500000000001245,0.41402777777777633,0.7487499999999989,1.0834722222222206,1.4181944444444423,1.752916666666665,2.0876388888888866,2.2908333333333313,2.362499999999998,2.434166666666665,2.5058333333333316,2.577499999999998,2.6491666666666647,2.6286111111111095,2.5158333333333314,2.403055555555554,2.290277777777776,2.177499999999998,2.064722222222221,2.0433333333333312,2.113333333333332,2.183333333333332,2.2533333333333325,2.3233333333333333,2.393333333333333,2.4875000000000003,2.6058333333333334,2.7241666666666666,2.8425000000000002,2.960833333333334,3.0791666666666666
-4.245,-4.245,-4.245,-4.104166666666666,-3.8225,-3.5408333333333335,-3.2591666666666668,-2.9775,-2.6958333333333333,-2.262916666666667,-1.67875,-1.0945833333333337,-0.5104166666666667,0.07374999999999932,0.6579166666666663,1.130416666666666,1.49125,1.852083333333333,2.2129166666666658,2.57375,2.934583333333333,3.1574999999999998,3.2424999999999997,3.3275,3.4125,3.4975,3.5825000000000005,3.5370833333333334,3.36125,3.1854166666666672,3.0095833333333335,2.83375,2.6579166666666674,2.5375,2.4725,2.4075,2.3425000000000002,2.2775,2.2125000000000004,2.195,2.2249999999999996,2.255,2.285,2.315,2.3449999999999998
-3.290000000000001,-3.290000000000001,-3.290000000000001,-3.144583333333334,-2.853750000000001,-2.5629166666666676,-2.2720833333333346,-1.9812500000000013,-1.6904166666666678,-1.2752777777777788,-0.7358333333333341,-0.19638888888889006,0.3430555555555547,0.8824999999999988,1.4219444444444436,1.8699999999999988,2.226666666666666,2.5833333333333326,2.9399999999999986,3.296666666666666,3.6533333333333324,3.872638888888888,3.954583333333333,4.036527777777778,4.118472222222222,4.2004166666666665,4.282361111111111,4.193611111111111,3.934166666666667,3.6747222222222233,3.4152777777777783,3.1558333333333337,2.89638888888889,2.6958333333333337,2.554166666666667,2.412500000000001,2.270833333333334,2.129166666666667,1.9875000000000007,1.8840277777777783,1.8187500000000005,1.7534722222222228,1.688194444444445,1.622916666666667,1.5576388888888895
-2.090000000000002,-2.090000000000002,-2.090000000000002,-1.956250000000002,-1.6887500000000022,-1.4212500000000021,-1.153750000000002,-0.8862500000000022,-0.6187500000000019,-0.25638888888889094,0.20083333333333173,0.6580555555555536,1.1152777777777763,1.5724999999999982,2.0297222222222207,2.436666666666665,2.7933333333333326,3.149999999999999,3.506666666666665,3.8633333333333324,4.219999999999999,4.406527777777777,4.422916666666666,4.4393055555555545,4.455694444444444,4.472083333333333,4.488472222222222,4.324722222222222,3.9808333333333334,3.636944444444446,3.2930555555555565,2.949166666666667,2.6052777777777796,2.3625000000000007,2.220833333333334,2.079166666666668,1.9375000000000009,1.7958333333333338,1.6541666666666677,1.5368055555555564,1.4437500000000008,1.3506944444444455,1.2576388888888899,1.1645833333333342,1.071527777777779
-0.7749999999999999,-0.7749999999999999,-0.7749999999999999,-0.6633333333333333,-0.44000000000000017,-0.21666666666666679,0.006666666666666599,0.22999999999999987,0.4533333333333333,0.7633333333333333,1.1600000000000001,1.5566666666666666,1.9533333333333331,2.3499999999999996,2.746666666666666,3.092083333333333,3.3862500000000004,3.680416666666667,3.974583333333333,4.26875,4.562916666666666,4.6899999999999995,4.65,4.609999999999999,4.57,4.53,4.49,4.252916666666668,3.8187500000000005,3.3845833333333353,2.9504166666666674,2.51625,2.082083333333335,1.7820833333333335,1.61625,1.4504166666666671,1.2845833333333336,1.11875,0.9529166666666672,0.8191666666666668,0.7175,0.6158333333333338,0.5141666666666668,0.4125,0.31083333333333374
