data/guangling.json
{"header": { "discipline": 0, "disciplineName": "Meteorological products", "gribEdition": 2, "gribLength": 76420, "center": 7, "centerName": "US National Weather Service - NCEP(WMC)", "subcenter": 0, "refTime": "2016-04-30T06:00:00.000Z", "significanceOfRT": 1, "significanceOfRTName": "Start of forecast", "productStatus": 0, "productStatusName": "Operational products", "productType": 1, "productTypeName": "Forecast products", "productDefinitionTemplate": 0, "productDefinitionTemplateName": "Analysis/forecast at horizontal level/layer at a point in time", "parameterCategory": 2, "parameterCategoryName": "Momentum", "parameterNumber": 2, "parameterNumberName": "U-component_of_wind", "parameterUnit": "m.s-1", "genProcessType": 2, "genProcessTypeName": "Forecast", "forecastTime": 0, "surface1Type": 103, "surface1TypeName": "Specified height level above ground", "surface1Value": 10.0, "surface2Type": 255, "surface2TypeName": "Missing", "surface2Value": 0.0, "gridDefinitionTemplate": 0, "gridDefinitionTemplateName": "Latitude_Longitude", "numberPoints": 1800, "shape": 6, "shapeName": "Earth spherical with radius of 6,371,229.0 m", "gridUnits": "degrees", "resolution": 48, "winds": "true", "scanMode": 0, "nx": 60, "ny": 30, "basicAngle": 0, "subDivisions": 0, "lo1": 113, "la1": 40.5, "lo2": 115, "la2": 39.5, "dx": 0.03333333333333333, "dy": 0.03333333333333333 }, "data":
[rows 0 to 20 of 30, columns 0 to 45 of 60]
3.2,3.2,3.2,3.3066666666666666,3.52,3.7333333333333334,3.9466666666666668,4.16,4.373333333333334,4.428333333333334,4.325,4.221666666666667,4.118333333333333,4.015000000000001,3.9116666666666666,3.744166666666667,3.5125,3.2808333333333337,3.0491666666666672,2.8175,2.585833333333334,2.4333333333333336,2.3600000000000003,2.2866666666666666,2.2133333333333334,2.14,2.0666666666666664,2.0591666666666666,2.1174999999999997,2.175833333333333,2.2341666666666664,2.2925,2.350833333333333,2.458333333333333,2.6149999999999998,2.771666666666666,2.928333333333333,3.085,3.241666666666666,3.3158333333333334,3.3075,3.299166666666667,3.2908333333333335,3.2824999999999998,3.274166666666667,3.3575
3.36,3.36,3.36,3.4341666666666666,3.5825,3.7308333333333334,3.879166666666667,4.0275,4.175833333333333,4.164166666666667,3.9925,3.8208333333333333,3.649166666666667,3.4775000000000005,3.3058333333333336,3.1041666666666674,2.8725,2.6408333333333336,2.409166666666667,2.1775,1.9458333333333337,1.7933333333333334,1.7200000000000002,1.6466666666666667,1.5733333333333335,1.5000000000000002,1.4266666666666665,1.4095833333333334,1.44875,1.4879166666666663,1.5270833333333331,1.56625,1.6054166666666665,1.7033333333333331,1.8599999999999999,2.016666666666666,2.173333333333333,2.33,2.486666666666666,2.6154166666666665,2.71625,2.817083333333333,2.9179166666666667,3.01875,3.119583333333333,3.2737499999999997
3.5283333333333333,3.5283333333333333,3.5283333333333333,3.5480555555555555,3.5875,3.6269444444444443,3.6663888888888887,3.705833333333333,3.745277777777778,3.653611111111111,3.430833333333333,3.2080555555555557,2.985277777777778,2.7625000000000006,2.5397222222222227,2.3184722222222227,2.09875,1.879027777777778,1.659305555555556,1.4395833333333334,1.2198611111111113,1.0834722222222222,1.0304166666666668,0.9773611111111111,0.9243055555555556,0.8712500000000002,0.8181944444444444,0.7983333333333333,0.8116666666666666,0.825,0.8383333333333333,0.8516666666666667,0.8649999999999999,0.9494444444444441,1.105,1.260555555555555,1.4161111111111109,1.5716666666666665,1.7272222222222218,1.9091666666666662,2.1175,2.3258333333333323,2.5341666666666662,2.7425,2.9508333333333323,3.172916666666666
3.5616666666666665,3.5616666666666665,3.5616666666666665,3.493611111111111,3.3575,3.221388888888889,3.085277777777778,2.9491666666666667,2.8130555555555556,2.6680555555555556,2.5141666666666667,2.360277777777778,2.206388888888889,2.0525,1.8986111111111112,1.7356944444444449,1.56375,1.3918055555555557,1.2198611111111115,1.0479166666666666,0.8759722222222224,0.8040277777777777,0.8320833333333334,0.8601388888888889,0.8881944444444444,0.9162499999999999,0.9443055555555555,0.9516666666666667,0.9383333333333334,0.925,0.9116666666666667,0.8983333333333333,0.8850000000000001,0.9538888888888886,1.105,1.2561111111111105,1.407222222222222,1.5583333333333333,1.7094444444444439,1.885833333333333,2.0875,2.289166666666666,2.490833333333333,2.6925000000000003,2.894166666666666,3.104583333333333
2.8449999999999998,2.8449999999999998,2.8449999999999998,2.7525,2.5675,2.3825000000000003,2.1975,2.0125,1.8275000000000001,1.6666666666666667,1.53,1.3933333333333335,1.2566666666666668,1.12,0.9833333333333335,0.9358333333333333,0.9775,1.0191666666666666,1.0608333333333333,1.1025,1.1441666666666668,1.1891666666666667,1.2375,1.2858333333333332,1.3341666666666665,1.3824999999999998,1.4308333333333332,1.45125,1.44375,1.43625,1.42875,1.4212500000000001,1.41375,1.4787499999999998,1.61625,1.7537499999999995,1.8912499999999997,2.02875,2.1662499999999993,2.3354166666666663,2.53625,2.7370833333333326,2.9379166666666663,3.13875,3.3395833333333327,3.5224999999999995
1.8933333333333335,1.8933333333333335,1.8933333333333335,1.796388888888889,1.6025000000000005,1.4086111111111113,1.2147222222222225,1.0208333333333337,0.8269444444444446,0.685277777777778,0.5958333333333334,0.506388888888889,0.41694444444444456,0.3275000000000002,0.23805555555555563,0.31680555555555506,0.56375,0.8106944444444443,1.0576388888888884,1.3045833333333334,1.5515277777777776,1.7134722222222223,1.7904166666666665,1.8673611111111108,1.9443055555555553,2.0212499999999998,2.0981944444444443,2.150555555555555,2.1783333333333332,2.2061111111111105,2.2338888888888886,2.2616666666666663,2.289444444444444,2.36361111111111,2.4841666666666664,2.6047222222222213,2.725277777777777,2.8458333333333328,2.966388888888888,3.1187499999999995,3.302916666666666,3.487083333333332,3.6712499999999992,3.8554166666666663,4.039583333333333,4.173611111111111
0.9866666666666671,0.9866666666666671,0.9866666666666671,0.8819444444444449,0.6725000000000005,0.4630555555555561,0.2536111111111116,0.04416666666666716,-0.16527777777777733,-0.22027777777777735,-0.12083333333333314,-0.021388888888888815,0.07805555555555568,0.17749999999999994,0.2769444444444443,0.45736111111111055,0.7187499999999999,0.9801388888888886,1.2415277777777771,1.5029166666666665,1.7643055555555551,1.990694444444444,2.182083333333333,2.373472222222222,2.5648611111111106,2.756249999999999,2.9476388888888883,3.1027777777777774,3.2216666666666662,3.3405555555555546,3.459444444444444,3.5783333333333327,3.6972222222222215,3.808055555555555,3.9108333333333327,4.01361111111111,4.1163888888888875,4.219166666666666,4.321944444444443,4.430416666666666,4.544583333333333,4.658749999999999,4.772916666666665,4.887083333333332,5.001249999999999,5.038055555555555
0.21499999999999997,0.21499999999999997,0.21499999999999997,0.14375000000000004,0.0012500000000000289,-0.14124999999999996,-0.28374999999999995,-0.4262499999999999,-0.56875,-0.5462500000000001,-0.35875,-0.17125000000000018,0.016249999999999935,0.2037499999999998,0.3912499999999999,0.6174999999999995,0.8825000000000001,1.1475,1.4124999999999996,1.6775,1.9425,2.189583333333333,2.41875,2.6479166666666667,2.877083333333333,3.1062499999999993,3.3354166666666663,3.564166666666666,3.7925,4.020833333333332,4.249166666666666,4.4775,4.705833333333333,4.869166666666667,4.967499999999999,5.065833333333333,5.164166666666667,5.2625,5.360833333333333,5.402916666666666,5.38875,5.374583333333334,5.360416666666667,5.3462499999999995,5.332083333333333,5.27
-0.41666666666666635,-0.41666666666666635,-0.41666666666666635,-0.4413888888888886,-0.4908333333333331,-0.5402777777777776,-0.5897222222222221,-0.6391666666666667,-0.6886111111111112,-0.5994444444444448,-0.3716666666666668,-0.1438888888888892,0.0838888888888887,0.3116666666666663,0.5394444444444442,0.7820833333333327,1.0395833333333333,1.2970833333333331,1.554583333333333,1.8120833333333335,2.069583333333333,2.3152777777777773,2.549166666666667,2.7830555555555554,3.016944444444444,3.250833333333333,3.484722222222222,3.770138888888888,4.107083333333334,4.444027777777777,4.780972222222221,5.117916666666666,5.454861111111109,5.671388888888888,5.767499999999999,5.86361111111111,5.959722222222222,6.055833333333333,6.151944444444444,6.135972222222223,6.007916666666667,5.879861111111112,5.751805555555555,5.62375,5.495694444444445,5.34625
-0.7633333333333332,-0.7633333333333332,-0.7633333333333332,-0.743611111111111,-0.7041666666666665,-0.6647222222222221,-0.6252777777777777,-0.5858333333333333,-0.5463888888888889,-0.41388888888888903,-0.18833333333333338,0.03722222222222201,0.26277777777777767,0.488333333333333,0.7138888888888888,0.9404166666666661,1.1679166666666665,1.3954166666666663,1.6229166666666661,1.8504166666666666,2.0779166666666664,2.299722222222222,2.515833333333333,2.7319444444444443,2.948055555555555,3.164166666666666,3.3802777777777777,3.700694444444444,4.125416666666666,4.550138888888887,4.97486111111111,5.399583333333333,5.824305555555553,6.080277777777777,6.1674999999999995,6.254722222222222,6.341944444444445,6.429166666666666,6.516388888888889,6.489861111111112,6.349583333333333,6.209305555555556,6.0690277777777775,5.92875,5.7884722222222225,5.587916666666667
0.9150000000000001,0.9150000000000001,0.9150000000000001,0.9800000000000001,1.1099999999999999,1.24,1.3699999999999997,1.4999999999999998,1.6300000000000003,1.7866666666666666,1.9699999999999998,2.1533333333333333,2.3366666666666664,2.5199999999999996,2.703333333333333,2.8129166666666663,2.84875,2.8845833333333335,2.920416666666666,2.95625,2.9920833333333334,3.0837499999999998,3.23125,3.3787499999999997,3.526249999999999,3.6737499999999996,3.82125,4.1,4.51,4.919999999999998,5.329999999999999,5.74,6.149999999999999,6.346666666666667,6.33,6.313333333333334,6.296666666666667,6.28,6.263333333333334,6.1775,6.022500000000001,5.867500000000001,5.7125,5.5575,5.402500000000001,5.182916666666667
3.1799999999999984,3.1799999999999984,3.1799999999999984,3.2894444444444426,3.5083333333333315,3.7272222222222204,3.946111111111109,4.164999999999997,4.383888888888887,4.545833333333332,4.650833333333331,4.755833333333331,4.860833333333331,4.9658333333333315,5.070833333333331,5.049027777777776,4.900416666666665,4.7518055555555545,4.603194444444443,4.454583333333332,4.305972222222221,4.24986111111111,4.286249999999999,4.322638888888887,4.359027777777777,4.395416666666666,4.431805555555555,4.627777777777776,4.983333333333333,5.338888888888888,5.694444444444444,6.05,6.405555555555554,6.524305555555556,6.40625,6.2881944444444455,6.170138888888889,6.052083333333334,5.934027777777779,5.78,5.590000000000001,5.400000000000001,5.210000000000001,5.0200000000000005,4.830000000000001,4.592361111111113
5.179999999999999,5.179999999999999,5.179999999999999,5.330555555555555,5.631666666666665,5.932777777777777,6.233888888888888,6.534999999999999,6.83611111111111,6.965833333333332,6.9241666666666655,6.8824999999999985,6.840833333333332,6.799166666666666,6.7574999999999985,6.6618055555555555,6.512083333333333,6.3623611111111105,6.212638888888889,6.062916666666666,5.913194444444444,5.762638888888889,5.611249999999999,5.459861111111111,5.308472222222222,5.1570833333333335,5.005694444444444,5.072222222222221,5.3566666666666665,5.64111111111111,5.9255555555555555,6.21,6.494444444444444,6.578194444444445,6.461250000000001,6.3443055555555565,6.227361111111112,6.110416666666667,5.9934722222222225,5.793333333333334,5.510000000000001,5.2266666666666675,4.943333333333334,4.66,4.376666666666668,4.091805555555557
7.09,7.09,7.09,7.171250000000001,7.333749999999999,7.49625,7.6587499999999995,7.821249999999999,7.98375,8.008333333333333,7.895,7.781666666666666,7.668333333333333,7.555,7.441666666666666,7.309166666666667,7.157500000000001,7.005833333333333,6.854166666666667,6.7025,6.550833333333333,6.399583333333334,6.248749999999999,6.097916666666666,5.9470833333333335,5.796250000000001,5.645416666666667,5.6587499999999995,5.83625,6.01375,6.19125,6.36875,6.546249999999999,6.57125,6.44375,6.31625,6.188750000000001,6.06125,5.93375,5.705416666666668,5.376250000000001,5.047083333333335,4.717916666666667,4.38875,4.059583333333334,3.7700000000000005
8.48,8.48,8.48,8.475277777777778,8.465833333333332,8.456388888888888,8.446944444444444,8.4375,8.428055555555556,8.349166666666667,8.200833333333334,8.0525,7.904166666666667,7.755833333333333,7.6075,7.4719444444444445,7.349166666666667,7.22638888888889,7.103611111111111,6.980833333333333,6.858055555555556,6.744999999999999,6.641666666666666,6.538333333333333,6.435,6.331666666666666,6.228333333333333,6.218055555555555,6.300833333333333,6.383611111111111,6.466388888888889,6.549166666666666,6.631944444444444,6.600416666666667,6.454583333333333,6.30875,6.162916666666667,6.017083333333334,5.87125,5.6225000000000005,5.270833333333333,4.919166666666667,4.5675,4.215833333333333,3.864166666666668,3.5858333333333334
8.4,8.4,8.4,8.369722222222222,8.309166666666668,8.248611111111112,8.188055555555556,8.127500000000001,8.066944444444445,7.962500000000001,7.814166666666668,7.665833333333334,7.517500000000001,7.3691666666666675,7.220833333333334,7.146388888888889,7.145833333333334,7.145277777777778,7.144722222222223,7.144166666666667,7.143611111111111,7.091666666666666,6.988333333333332,6.885,6.781666666666666,6.678333333333333,6.574999999999999,6.553611111111111,6.614166666666667,6.674722222222222,6.735277777777777,6.7958333333333325,6.856388888888889,6.79875,6.622916666666666,6.4470833333333335,6.27125,6.095416666666667,5.919583333333334,5.655833333333334,5.304166666666666,4.952500000000001,4.600833333333333,4.2491666666666665,3.8975000000000013,3.6358333333333333
7.74,7.74,7.74,7.640000000000001,7.44,7.24,7.039999999999999,6.84,6.640000000000001,6.481666666666667,6.365,6.248333333333333,6.131666666666667,6.015000000000001,5.898333333333333,5.87875,5.95625,6.0337499999999995,6.11125,6.188750000000001,6.26625,6.319166666666667,6.3475,6.3758333333333335,6.404166666666667,6.4325,6.460833333333333,6.52,6.61,6.7,6.79,6.88,6.970000000000001,6.937083333333334,6.78125,6.625416666666667,6.469583333333334,6.313750000000001,6.157916666666667,5.920833333333334,5.6025,5.284166666666668,4.965833333333334,4.647500000000001,4.3291666666666675,4.104583333333334
6.886666666666668,6.886666666666668,6.886666666666668,6.726944444444445,6.407500000000001,6.088055555555556,5.768611111111111,5.449166666666668,5.129722222222222,4.9286111111111115,4.845833333333333,4.763055555555557,4.680277777777778,4.597500000000001,4.514722222222223,4.535972222222223,4.661250000000001,4.786527777777779,4.9118055555555555,5.037083333333333,5.162361111111111,5.309305555555556,5.477916666666667,5.646527777777778,5.815138888888889,5.98375,6.152361111111111,6.298888888888889,6.423333333333334,6.547777777777778,6.6722222222222225,6.796666666666667,6.921111111111111,6.919305555555557,6.791250000000001,6.6631944444444455,6.5351388888888895,6.407083333333334,6.279027777777778,6.086666666666668,5.83,5.573333333333335,5.316666666666667,5.0600000000000005,4.803333333333335,4.627638888888889
6.033333333333335,6.033333333333335,6.033333333333335,5.888055555555558,5.597500000000002,5.306944444444446,5.016388888888891,4.725833333333335,4.435277777777779,4.253055555555557,4.179166666666668,4.105277777777779,4.03138888888889,3.957500000000001,3.8836111111111125,3.909861111111112,4.036250000000001,4.16263888888889,4.289027777777778,4.415416666666667,4.541805555555556,4.7065277777777785,4.909583333333335,5.112638888888889,5.3156944444444445,5.51875,5.721805555555556,5.884444444444445,6.006666666666668,6.1288888888888895,6.251111111111111,6.373333333333334,6.495555555555556,6.493194444444446,6.366250000000001,6.239305555555557,6.112361111111112,5.985416666666668,5.858472222222224,5.7233333333333345,5.58,5.436666666666667,5.293333333333334,5.15,5.006666666666667,4.894861111111111
5.305,5.305,5.305,5.212083333333334,5.02625,4.840416666666667,4.654583333333333,4.46875,4.282916666666667,4.150416666666667,4.07125,3.9920833333333334,3.912916666666667,3.83375,3.7545833333333336,3.7604166666666665,3.8512500000000003,3.9420833333333336,4.032916666666667,4.12375,4.214583333333334,4.345833333333333,4.5175,4.689166666666667,4.860833333333334,5.032499999999999,5.204166666666666,5.340833333333333,5.4425,5.544166666666666,5.645833333333333,5.7475000000000005,5.849166666666666,5.855833333333333,5.7675,5.679166666666667,5.590833333333333,5.5025,5.414166666666667,5.324166666666667,5.2325,5.140833333333333,5.049166666666666,4.9575,4.865833333333333,4.797083333333333
4.6850000000000005,4.6850000000000005,4.6850000000000005,4.6440277777777785,4.562083333333334,4.48013888888889,4.398194444444444,4.31625,4.234305555555555,4.1506944444444445,4.065416666666667,3.980138888888889,3.894861111111111,3.8095833333333338,3.724305555555556,3.7055555555555557,3.753333333333334,3.8011111111111116,3.8488888888888892,3.8966666666666674,3.944444444444445,4.032777777777778,4.161666666666667,4.290555555555557,4.419444444444445,4.548333333333334,4.677222222222222,4.7770833333333345,4.847916666666667,4.91875,4.989583333333334,5.060416666666668,5.1312500000000005,5.131111111111112,5.0600000000000005,4.98888888888889,4.917777777777778,4.846666666666668,4.775555555555557,4.705694444444445,4.637083333333334,4.568472222222223,4.499861111111112,4.431250000000001,4.36263888888889,4.324583333333334
