data/oneday.json
{"header": { "discipline": 0, "disciplineName": "Meteorological products", "gribEdition": 2, "gribLength": 76420, "center": 7, "centerName": "US National Weather Service - NCEP(WMC)", "subcenter": 0, "refTime": "2016-04-30T06:00:00.000Z", "significanceOfRT": 1, "significanceOfRTName": "Start of forecast", "productStatus": 0, "productStatusName": "Operational products", "productType": 1, "productTypeName": "Forecast products", "productDefinitionTemplate": 0, "productDefinitionTemplateName": "Analysis/forecast at horizontal level/layer at a point in time", "parameterCategory": 2, "parameterCategoryName": "Momentum", "parameterNumber": 3, "parameterNumberName": "V-component_of_wind", "parameterUnit": "m.s-1", "genProcessType": 2, "genProcessTypeName": "Forecast", "forecastTime": 0, "surface1Type": 103, "surface1TypeName": "Specified height level above ground", "surface1Value": 10.0, "surface2Type": 255, "surface2TypeName": "Missing", "surface2Value": 0.0, "gridDefinitionTemplate": 0, "gridDefinitionTemplateName": "Latitude_Longitude", "numberPoints": 900, "shape": 6, "shapeName": "Earth spherical with radius of 6,371,229.0 m", "gridUnits": "degrees", "resolution": 48, "winds": "true", "scanMode": 0, "nx": 30, "ny": 30, "basicAngle": 0, "subDivisions": 0, "lo1": 113.87742, "la1": 39.88605, "lo2": 114.87742, "la2": 38.88605, "dx": 0.03333333333333333, "dy": 0.03333333333333333 }, "data":
[rows 0 to 29 of 30, columns 0 to 29 of 30]
-0.45,-0.45,-0.33333333333333337,-0.2166666666666667,-0.10000000000000007,-0.15666666666666668,-0.21333333333333332,-0.26999999999999996,-0.08666666666666684,0.0966666666666666,0.28,0.9633333333333327,1.6466666666666663,2.3299999999999987,2.08,1.8300000000000005,1.58,-0.009999999999998375,-1.5999999999999968,-3.19,-4.416666666666665,-5.643333333333331,-6.87,-6.816666666666666,-6.763333333333334,-6.71,-5.683333333333337,-4.656666666666668,-3.63,-3.63
-0.45,-0.45,-0.33333333333333337,-0.2166666666666667,-0.10000000000000007,-0.15666666666666668,-0.21333333333333332,-0.26999999999999996,-0.08666666666666684,0.0966666666666666,0.28,0.9633333333333327,1.6466666666666663,2.3299999999999987,2.08,1.8300000000000005,1.58,-0.009999999999998375,-1.5999999999999968,-3.19,-4.416666666666665,-5.643333333333331,-6.87,-6.816666666666666,-6.763333333333334,-6.71,-5.683333333333337,-4.656666666666668,-3.63,-3.63
-0.48000000000000004,-0.48000000000000004,-0.3588888888888889,-0.2377777777777778,-0.11666666666666674,-0.18888888888888888,-0.26111111111111107,-0.33333333333333326,-0.178888888888889,-0.024444444444444473,0.13000000000000003,0.7177777777777773,1.3055555555555554,1.8933333333333324,1.536666666666667,1.1800000000000008,0.8233333333333336,-0.6722222222222206,-2.1677777777777747,-3.663333333333333,-4.8055555555555545,-5.947777777777776,-7.09,-6.8244444444444445,-6.558888888888889,-6.293333333333334,-5.3366666666666704,-4.380000000000002,-3.4233333333333333,-3.4233333333333333
-0.51,-0.51,-0.38444444444444453,-0.2588888888888889,-0.13333333333333341,-0.2211111111111111,-0.3088888888888889,-0.3966666666666666,-0.27111111111111125,-0.14555555555555558,-0.02,0.4722222222222218,0.9644444444444442,1.4566666666666659,0.9933333333333338,0.5300000000000009,0.0666666666666668,-1.334444444444443,-2.735555555555553,-4.136666666666667,-5.194444444444444,-6.25222222222222,-7.3100000000000005,-6.832222222222223,-6.354444444444446,-5.876666666666668,-4.990000000000003,-4.103333333333334,-3.2166666666666663,-3.2166666666666663
-0.54,-0.54,-0.4100000000000001,-0.28,-0.15000000000000008,-0.2533333333333333,-0.35666666666666663,-0.45999999999999996,-0.3633333333333334,-0.26666666666666666,-0.16999999999999998,0.22666666666666643,0.6233333333333332,1.0199999999999996,0.4500000000000008,-0.11999999999999877,-0.6899999999999997,-1.9966666666666653,-3.303333333333331,-4.61,-5.583333333333333,-6.556666666666665,-7.53,-6.840000000000001,-6.150000000000001,-5.460000000000002,-4.643333333333336,-3.826666666666668,-3.01,-3.01
-0.6233333333333333,-0.6233333333333333,-0.5044444444444445,-0.38555555555555554,-0.2666666666666667,-0.37444444444444436,-0.48222222222222216,-0.5899999999999999,-0.4933333333333334,-0.39666666666666667,-0.3,-0.012222222222222433,0.2755555555555555,0.563333333333333,-0.06222222222222158,-0.6877777777777765,-1.3133333333333332,-2.5555555555555545,-3.7977777777777755,-5.04,-5.745555555555556,-6.45111111111111,-7.156666666666667,-6.450000000000001,-5.743333333333335,-5.036666666666669,-4.220000000000003,-3.403333333333335,-2.5866666666666664,-2.5866666666666664
-0.7066666666666667,-0.7066666666666667,-0.5988888888888889,-0.49111111111111105,-0.3833333333333333,-0.4955555555555554,-0.6077777777777776,-0.7199999999999999,-0.6233333333333334,-0.5266666666666666,-0.42999999999999994,-0.2511111111111112,-0.0722222222222221,0.10666666666666659,-0.5744444444444436,-1.255555555555554,-1.9366666666666663,-3.1144444444444432,-4.29222222222222,-5.47,-5.907777777777778,-6.345555555555555,-6.783333333333334,-6.060000000000001,-5.336666666666669,-4.613333333333336,-3.79666666666667,-2.9800000000000018,-2.1633333333333336,-2.1633333333333336
-0.79,-0.79,-0.6933333333333332,-0.5966666666666666,-0.49999999999999994,-0.6166666666666665,-0.7333333333333332,-0.8499999999999998,-0.7533333333333333,-0.6566666666666666,-0.5599999999999999,-0.4899999999999999,-0.4199999999999997,-0.3499999999999998,-1.0866666666666658,-1.8233333333333315,-2.5599999999999996,-3.673333333333332,-4.786666666666665,-5.9,-6.07,-6.24,-6.41,-5.670000000000001,-4.9300000000000015,-4.190000000000002,-3.373333333333337,-2.556666666666669,-1.7400000000000002,-1.7400000000000002
-0.9233333333333332,-0.9233333333333332,-0.841111111111111,-0.7588888888888887,-0.6766666666666665,-0.791111111111111,-0.9055555555555553,-1.0199999999999998,-0.9555555555555555,-0.891111111111111,-0.8266666666666665,-0.7888888888888888,-0.7511111111111108,-0.713333333333333,-1.4966666666666657,-2.279999999999998,-3.063333333333333,-3.9888888888888876,-4.9144444444444435,-5.84,-5.938888888888889,-6.037777777777778,-6.136666666666667,-5.344444444444446,-4.552222222222224,-3.7600000000000025,-3.162222222222225,-2.5644444444444456,-1.9666666666666663,-1.9666666666666663
-1.0566666666666666,-1.0566666666666666,-0.9888888888888888,-0.921111111111111,-0.8533333333333333,-0.9655555555555555,-1.0777777777777777,-1.19,-1.1577777777777778,-1.1255555555555556,-1.0933333333333333,-1.0877777777777777,-1.0822222222222222,-1.0766666666666664,-1.9066666666666658,-2.736666666666665,-3.5666666666666664,-4.304444444444443,-5.042222222222221,-5.78,-5.807777777777778,-5.835555555555556,-5.863333333333333,-5.01888888888889,-4.174444444444446,-3.3300000000000023,-2.951111111111113,-2.572222222222223,-2.1933333333333334,-2.1933333333333334
-1.19,-1.19,-1.1366666666666667,-1.0833333333333333,-1.03,-1.1400000000000001,-1.25,-1.36,-1.36,-1.36,-1.36,-1.3866666666666667,-1.4133333333333333,-1.44,-2.316666666666666,-3.193333333333332,-4.07,-4.619999999999999,-5.169999999999999,-5.72,-5.676666666666667,-5.633333333333333,-5.59,-4.693333333333334,-3.796666666666668,-2.900000000000002,-2.7400000000000007,-2.58,-2.42,-2.42
-1.2533333333333332,-1.2533333333333332,-1.2266666666666666,-1.2,-1.1733333333333331,-1.2966666666666666,-1.4199999999999997,-1.5433333333333332,-1.5166666666666666,-1.49,-1.4633333333333334,-1.4666666666666666,-1.47,-1.4733333333333334,-2.287777777777777,-3.102222222222221,-3.916666666666667,-4.3999999999999995,-4.883333333333333,-5.366666666666667,-5.295555555555556,-5.224444444444445,-5.153333333333333,-4.350000000000001,-3.546666666666668,-2.7433333333333354,-2.675555555555556,-2.6077777777777778,-2.5399999999999996,-2.5399999999999996
-1.3166666666666667,-1.3166666666666667,-1.3166666666666664,-1.3166666666666667,-1.3166666666666667,-1.4533333333333331,-1.5899999999999999,-1.7266666666666666,-1.6733333333333333,-1.6199999999999999,-1.5666666666666667,-1.5466666666666666,-1.5266666666666666,-1.5066666666666666,-2.2588888888888885,-3.0111111111111097,-3.763333333333333,-4.18,-4.596666666666666,-5.013333333333334,-4.914444444444444,-4.815555555555556,-4.716666666666667,-4.006666666666668,-3.296666666666668,-2.5866666666666687,-2.611111111111111,-2.6355555555555554,-2.6599999999999997,-2.6599999999999997
-1.38,-1.38,-1.4066666666666663,-1.4333333333333331,-1.4599999999999997,-1.6099999999999997,-1.7599999999999996,-1.9099999999999997,-1.8299999999999998,-1.7499999999999998,-1.6699999999999997,-1.6266666666666667,-1.5833333333333333,-1.54,-2.2299999999999995,-2.9199999999999986,-3.61,-3.96,-4.31,-4.660000000000001,-4.533333333333334,-4.406666666666668,-4.280000000000001,-3.6633333333333344,-3.046666666666668,-2.430000000000002,-2.5466666666666664,-2.663333333333333,-2.78,-2.78
-1.3166666666666667,-1.3166666666666667,-1.3888888888888888,-1.461111111111111,-1.5333333333333332,-1.7488888888888885,-1.964444444444444,-2.1799999999999997,-2.0999999999999996,-2.0199999999999996,-1.9399999999999997,-1.7788888888888887,-1.6177777777777778,-1.456666666666667,-2.056666666666666,-2.656666666666666,-3.256666666666667,-3.572222222222222,-3.887777777777778,-4.203333333333334,-4.125555555555556,-4.047777777777778,-3.9700000000000006,-3.4433333333333342,-2.916666666666668,-2.3900000000000015,-2.5199999999999996,-2.65,-2.78,-2.78
-1.2533333333333334,-1.2533333333333334,-1.371111111111111,-1.4888888888888887,-1.6066666666666665,-1.8877777777777773,-2.168888888888888,-2.4499999999999993,-2.3699999999999997,-2.2899999999999996,-2.2099999999999995,-1.931111111111111,-1.6522222222222223,-1.3733333333333337,-1.883333333333333,-2.3933333333333326,-2.9033333333333338,-3.184444444444445,-3.465555555555556,-3.7466666666666675,-3.7177777777777785,-3.6888888888888896,-3.6600000000000006,-3.2233333333333345,-2.7866666666666675,-2.3500000000000014,-2.4933333333333327,-2.6366666666666663,-2.78,-2.78
-1.19,-1.19,-1.3533333333333333,-1.5166666666666666,-1.68,-2.0266666666666664,-2.373333333333333,-2.7199999999999998,-2.64,-2.56,-2.48,-2.0833333333333335,-1.6866666666666668,-1.2900000000000005,-1.7099999999999995,-2.129999999999999,-2.55,-2.7966666666666664,-3.043333333333333,-3.29,-3.31,-3.33,-3.35,-3.003333333333334,-2.656666666666667,-2.310000000000001,-2.466666666666666,-2.623333333333333,-2.78,-2.78
-0.8600000000000002,-0.8600000000000002,-1.0811111111111114,-1.3022222222222224,-1.5233333333333334,-1.9599999999999997,-2.3966666666666665,-2.833333333333333,-2.752222222222222,-2.671111111111111,-2.59,-2.1611111111111114,-1.7322222222222223,-1.303333333333334,-1.6444444444444442,-1.9855555555555549,-2.3266666666666667,-2.5888888888888886,-2.851111111111111,-3.1133333333333333,-3.241111111111111,-3.368888888888889,-3.4966666666666666,-3.1988888888888893,-2.901111111111111,-2.603333333333334,-2.6899999999999995,-2.7766666666666664,-2.8633333333333333,-2.8633333333333333
-0.5300000000000006,-0.5300000000000006,-0.8088888888888893,-1.0877777777777782,-1.366666666666667,-1.8933333333333333,-2.4199999999999995,-2.9466666666666663,-2.864444444444444,-2.7822222222222224,-2.6999999999999997,-2.2388888888888894,-1.777777777777778,-1.3166666666666673,-1.5788888888888888,-1.8411111111111107,-2.1033333333333335,-2.381111111111111,-2.6588888888888884,-2.936666666666667,-3.172222222222222,-3.407777777777777,-3.643333333333333,-3.3944444444444444,-3.145555555555555,-2.8966666666666665,-2.9133333333333327,-2.9299999999999997,-2.9466666666666663,-2.9466666666666663
-0.2,-0.2,-0.5366666666666666,-0.8733333333333333,-1.21,-1.8266666666666664,-2.443333333333333,-3.0599999999999996,-2.9766666666666666,-2.8933333333333335,-2.81,-2.3166666666666673,-1.8233333333333337,-1.3300000000000007,-1.5133333333333332,-1.6966666666666663,-1.88,-2.173333333333333,-2.466666666666666,-2.76,-3.103333333333333,-3.446666666666666,-3.79,-3.5900000000000003,-3.39,-3.1900000000000004,-3.1366666666666667,-3.0833333333333335,-3.03,-3.03
-0.016666666666666826,-0.016666666666666826,-0.3677777777777779,-0.718888888888889,-1.07,-1.691111111111111,-2.312222222222222,-2.933333333333333,-2.908888888888889,-2.8844444444444446,-2.86,-2.3655555555555563,-1.8711111111111114,-1.3766666666666674,-1.5366666666666666,-1.6966666666666663,-1.8566666666666667,-2.224444444444444,-2.592222222222221,-2.9599999999999995,-3.2766666666666664,-3.5933333333333324,-3.91,-3.7544444444444447,-3.598888888888889,-3.4433333333333334,-3.180000000000001,-2.9166666666666674,-2.6533333333333333,-2.6533333333333333
0.16666666666666635,0.16666666666666635,-0.1988888888888892,-0.5644444444444447,-0.9300000000000003,-1.5555555555555556,-2.181111111111111,-2.8066666666666666,-2.841111111111111,-2.8755555555555556,-2.9099999999999997,-2.414444444444445,-1.918888888888889,-1.423333333333334,-1.5599999999999998,-1.6966666666666665,-1.8333333333333335,-2.275555555555555,-2.7177777777777767,-3.1599999999999997,-3.4499999999999993,-3.7399999999999993,-4.03,-3.918888888888889,-3.8077777777777775,-3.6966666666666663,-3.223333333333335,-2.750000000000001,-2.2766666666666673,-2.2766666666666673
0.35,0.35,-0.029999999999999978,-0.4100000000000001,-0.79,-1.42,-2.05,-2.6799999999999997,-2.7733333333333334,-2.8666666666666667,-2.96,-2.463333333333334,-1.9666666666666668,-1.4700000000000006,-1.5833333333333333,-1.6966666666666665,-1.81,-2.326666666666666,-2.8433333333333324,-3.36,-3.623333333333333,-3.8866666666666663,-4.15,-4.083333333333334,-4.016666666666667,-3.95,-3.2666666666666693,-2.5833333333333344,-1.9,-1.9
0.6166666666666664,0.6166666666666664,0.18111111111111097,-0.25444444444444464,-0.6900000000000001,-1.2766666666666666,-1.8633333333333333,-2.4499999999999997,-2.566666666666667,-2.6833333333333336,-2.8000000000000003,-2.3922222222222227,-1.9844444444444445,-1.576666666666667,-1.8455555555555552,-2.1144444444444437,-2.383333333333333,-2.8788888888888877,-3.374444444444443,-3.869999999999999,-4.086666666666666,-4.303333333333333,-4.52,-4.326666666666667,-4.133333333333334,-3.9400000000000004,-3.0788888888888923,-2.2177777777777794,-1.3566666666666671,-1.3566666666666671
0.8833333333333327,0.8833333333333327,0.3922222222222219,-0.09888888888888918,-0.5900000000000001,-1.1333333333333335,-1.6766666666666667,-2.22,-2.3600000000000003,-2.5,-2.64,-2.3211111111111116,-2.002222222222222,-1.6833333333333336,-2.107777777777777,-2.5322222222222206,-2.9566666666666657,-3.4311111111111092,-3.9055555555555537,-4.379999999999999,-4.549999999999999,-4.719999999999999,-4.89,-4.57,-4.25,-3.930000000000001,-2.891111111111115,-1.8522222222222247,-0.8133333333333342,-0.8133333333333342
1.1499999999999992,1.1499999999999992,0.6033333333333328,0.05666666666666628,-0.4900000000000001,-0.9900000000000002,-1.4900000000000002,-1.9900000000000004,-2.1533333333333338,-2.316666666666667,-2.4800000000000004,-2.25,-2.02,-1.79,-2.3699999999999988,-2.9499999999999975,-3.5299999999999985,-3.983333333333331,-4.436666666666664,-4.889999999999998,-5.013333333333332,-5.136666666666665,-5.259999999999999,-4.813333333333333,-4.366666666666667,-3.9200000000000013,-2.703333333333338,-1.4866666666666697,-0.27000000000000146,-0.27000000000000146
1.0733333333333335,1.0733333333333335,0.5144444444444448,-0.04444444444444403,-0.6033333333333327,-0.9477777777777778,-1.2922222222222228,-1.6366666666666678,-1.8000000000000012,-1.9633333333333345,-2.126666666666668,-2.063333333333334,-2.0,-1.936666666666666,-2.602222222222221,-3.2677777777777752,-3.933333333333332,-4.356666666666665,-4.779999999999998,-5.203333333333332,-5.182222222222221,-5.1611111111111105,-5.140000000000001,-4.664444444444445,-4.18888888888889,-3.713333333333335,-2.4966666666666715,-1.280000000000003,-0.06333333333333409,-0.06333333333333409
0.9966666666666668,0.9966666666666668,0.42555555555555585,-0.1455555555555553,-0.7166666666666662,-0.9055555555555556,-1.0944444444444448,-1.2833333333333339,-1.4466666666666672,-1.6100000000000005,-1.7733333333333339,-1.8766666666666667,-1.9799999999999998,-2.083333333333333,-2.8344444444444434,-3.585555555555554,-4.336666666666666,-4.7299999999999995,-5.123333333333332,-5.516666666666666,-5.351111111111111,-5.185555555555556,-5.0200000000000005,-4.515555555555556,-4.011111111111112,-3.506666666666668,-2.2900000000000045,-1.0733333333333357,0.14333333333333295,0.14333333333333295
0.92,0.92,0.33666666666666684,-0.24666666666666656,-0.8299999999999997,-0.8633333333333333,-0.8966666666666667,-0.93,-1.0933333333333333,-1.2566666666666666,-1.42,-1.6899999999999997,-1.9599999999999997,-2.2299999999999995,-3.066666666666666,-3.903333333333332,-4.74,-5.1033333333333335,-5.466666666666666,-5.83,-5.5200000000000005,-5.210000000000001,-4.9,-4.366666666666667,-3.8333333333333344,-3.300000000000001,-2.0833333333333375,-0.8666666666666687,0.35,0.35
0.92,0.92,0.33666666666666684,-0.24666666666666656,-0.8299999999999997,-0.8633333333333333,-0.8966666666666667,-0.93,-1.0933333333333333,-1.2566666666666666,-1.42,-1.6899999999999997,-1.9599999999999997,-2.2299999999999995,-3.066666666666666,-3.903333333333332,-4.74,-5.1033333333333335,-5.466666666666666,-5.83,-5.5200000000000005,-5.210000000000001,-4.9,-4.366666666666667,-3.8333333333333344,-3.300000000000001,-2.0833333333333375,-0.8666666666666687,0.35,0.35
