data/oneday.json
{"header": { "discipline": 0, "disciplineName": "Meteorological products", "gribEdition": 2, "gribLength": 76420, "center": 7, "centerName": "US National Weather Service - NCEP(WMC)", "subcenter": 0, "refTime": "2016-04-30T06:00:00.000Z", "significanceOfRT": 1, "significanceOfRTName": "Start of forecast", "productStatus": 0, "productStatusName": "Operational products", "productType": 1, "productTypeName": "Forecast products", "productDefinitionTemplate": 0, "productDefinitionTemplateName": "Analysis/forecast at horizontal level/layer at a point in time", "parameterCategory": 2, "parameterCategoryName": "Momentum", "parameterNumber": 2, "parameterNumberName": "U-component_of_wind", "parameterUnit": "m.s-1", "genProcessType": 2, "genProcessTypeName": "Forecast", "forecastTime": 0, "surface1Type": 103, "surface1TypeName": "Specified height level above ground", "surface1Value": 10.0, "surface2Type": 255, "surface2TypeName": "Missing", "surface2Value": 0.0, "gridDefinitionTemplate": 0, "gridDefinitionTemplateName": "Latitude_Longitude", "numberPoints": 900, "shape": 6, "shapeName": "Earth spherical with radius of 6,371,229.0 m", "gridUnits": "degrees", "resolution": 48, "winds": "true", "scanMode": 0, "nx": 30, "ny": 30, "basicAngle": 0, "subDivisions": 0, "lo1": 113.87742, "la1": 39.88605, "lo2": 114.87742, "la2": 38.88605, "dx": 0.03333333333333333, "dy": 0.03333333333333333 }, "data":
[rows 0 to 29 of 30, columns 0 to 29 of 30]
2.79,2.79,2.566666666666667,2.3433333333333333,2.12,2.216666666666667,2.3133333333333335,2.41,2.5833333333333335,2.756666666666667,2.93,2.9833333333333334,3.0366666666666666,3.09,2.6900000000000004,2.2900000000000005,1.89,2.2166666666666663,2.543333333333333,2.87,3.0866666666666664,3.303333333333333,3.52,3.6866666666666665,3.8533333333333326,4.02,3.5400000000000014,3.060000000000001,2.58,2.58
2.79,2.79,2.566666666666667,2.3433333333333333,2.12,2.216666666666667,2.3133333333333335,2.41,2.5833333333333335,2.756666666666667,2.93,2.9833333333333334,3.0366666666666666,3.09,2.6900000000000004,2.2900000000000005,1.89,2.2166666666666663,2.543333333333333,2.87,3.0866666666666664,3.303333333333333,3.52,3.6866666666666665,3.8533333333333326,4.02,3.5400000000000014,3.060000000000001,2.58,2.58
2.9133333333333336,2.9133333333333336,2.6544444444444446,2.3955555555555557,2.1366666666666667,2.2033333333333336,2.27,2.336666666666667,2.5211111111111113,2.7055555555555557,2.89,3.006666666666667,3.123333333333333,3.2399999999999998,2.9600000000000004,2.68,2.4,2.6399999999999997,2.8799999999999994,3.12,3.258888888888889,3.3977777777777773,3.5366666666666666,3.5277777777777777,3.5188888888888887,3.5100000000000002,3.09888888888889,2.6877777777777787,2.276666666666667,2.276666666666667
3.0366666666666666,3.0366666666666666,2.7422222222222223,2.4477777777777776,2.1533333333333333,2.19,2.2266666666666666,2.263333333333333,2.4588888888888887,2.654444444444444,2.85,3.03,3.21,3.3899999999999997,3.23,3.0700000000000003,2.9099999999999997,3.0633333333333335,3.2166666666666663,3.37,3.431111111111111,3.492222222222222,3.5533333333333332,3.3688888888888893,3.1844444444444444,3.0000000000000004,2.657777777777779,2.315555555555556,1.9733333333333334,1.9733333333333334
3.16,3.16,2.83,2.5,2.17,2.1766666666666667,2.183333333333333,2.19,2.3966666666666665,2.603333333333333,2.81,3.0533333333333332,3.2966666666666664,3.5399999999999996,3.5,3.46,3.42,3.486666666666667,3.5533333333333332,3.62,3.6033333333333335,3.5866666666666664,3.57,3.2100000000000004,2.8500000000000005,2.490000000000001,2.2166666666666677,1.943333333333334,1.67,1.67
3.1733333333333333,3.1733333333333333,2.867777777777778,2.562222222222222,2.256666666666667,2.2844444444444445,2.312222222222222,2.34,2.5466666666666664,2.753333333333333,2.96,3.1977777777777776,3.4355555555555553,3.673333333333333,3.6344444444444446,3.5955555555555554,3.5566666666666666,3.5700000000000003,3.5833333333333335,3.5966666666666667,3.4266666666666667,3.256666666666667,3.086666666666667,2.7200000000000006,2.353333333333334,1.986666666666668,1.7133333333333345,1.4400000000000006,1.1666666666666667,1.1666666666666667
3.186666666666667,3.186666666666667,2.9055555555555554,2.624444444444445,2.3433333333333333,2.3922222222222222,2.4411111111111112,2.49,2.6966666666666668,2.9033333333333333,3.11,3.342222222222222,3.574444444444444,3.806666666666666,3.7688888888888887,3.7311111111111113,3.6933333333333334,3.6533333333333333,3.6133333333333333,3.5733333333333333,3.2500000000000004,2.926666666666667,2.6033333333333335,2.2300000000000004,1.8566666666666676,1.4833333333333345,1.2100000000000013,0.9366666666666673,0.6633333333333334,0.6633333333333334
3.2,3.2,2.9433333333333334,2.686666666666667,2.43,2.5,2.5700000000000003,2.64,2.8466666666666667,3.0533333333333332,3.26,3.4866666666666664,3.713333333333333,3.9399999999999995,3.9033333333333333,3.8666666666666667,3.83,3.736666666666667,3.6433333333333335,3.55,3.0733333333333337,2.5966666666666676,2.1200000000000006,1.7400000000000007,1.360000000000001,0.9800000000000012,0.706666666666668,0.4333333333333341,0.16000000000000025,0.16000000000000025
3.21,3.21,2.9944444444444445,2.778888888888889,2.5633333333333335,2.6555555555555554,2.747777777777778,2.84,3.0355555555555553,3.231111111111111,3.4266666666666663,3.624444444444444,3.822222222222222,4.02,3.9522222222222223,3.8844444444444446,3.816666666666667,3.6111111111111116,3.405555555555556,3.2,2.6888888888888896,2.177777777777779,1.6666666666666672,1.271111111111112,0.8755555555555568,0.4800000000000014,0.39555555555555616,0.3111111111111114,0.2266666666666666,0.2266666666666666
3.22,3.22,3.0455555555555556,2.8711111111111114,2.6966666666666668,2.8111111111111113,2.9255555555555555,3.04,3.224444444444444,3.4088888888888884,3.593333333333333,3.762222222222222,3.931111111111111,4.1,4.001111111111111,3.9022222222222225,3.8033333333333332,3.485555555555556,3.1677777777777782,2.85,2.304444444444445,1.75888888888889,1.2133333333333336,0.8022222222222228,0.3911111111111121,-0.019999999999998797,0.08444444444444424,0.18888888888888877,0.2933333333333333,0.2933333333333333
3.23,3.23,3.0966666666666667,2.9633333333333334,2.83,2.966666666666667,3.1033333333333335,3.24,3.413333333333333,3.5866666666666664,3.76,3.8999999999999995,4.04,4.18,4.05,3.9200000000000004,3.79,3.3600000000000003,2.9300000000000006,2.5,1.9200000000000006,1.340000000000001,0.76,0.3333333333333337,-0.09333333333333259,-0.5199999999999989,-0.22666666666666774,0.06666666666666612,0.36,0.36
2.9733333333333336,2.9733333333333336,2.8555555555555556,2.737777777777778,2.62,2.778888888888889,2.937777777777778,3.096666666666667,3.302222222222222,3.5077777777777777,3.7133333333333334,3.8477777777777775,3.982222222222222,4.116666666666666,3.93,3.743333333333334,3.5566666666666666,3.064444444444445,2.5722222222222233,2.0800000000000005,1.5188888888888898,0.9577777777777791,0.39666666666666694,0.06444444444444498,-0.26777777777777706,-0.5999999999999991,-0.25222222222222346,0.09555555555555491,0.44333333333333325,0.44333333333333325
2.716666666666667,2.716666666666667,2.6144444444444446,2.5122222222222224,2.41,2.591111111111111,2.772222222222222,2.9533333333333336,3.191111111111111,3.428888888888889,3.6666666666666665,3.795555555555555,3.9244444444444446,4.053333333333334,3.81,3.5666666666666673,3.3233333333333333,2.768888888888889,2.2144444444444455,1.6600000000000001,1.1177777777777784,0.5755555555555567,0.03333333333333345,-0.2044444444444441,-0.44222222222222174,-0.6799999999999994,-0.2777777777777792,0.12444444444444375,0.5266666666666666,0.5266666666666666
2.4600000000000004,2.4600000000000004,2.373333333333334,2.286666666666667,2.2000000000000006,2.4033333333333338,2.6066666666666665,2.81,3.0799999999999996,3.35,3.62,3.743333333333333,3.8666666666666667,3.99,3.6900000000000004,3.390000000000001,3.0900000000000003,2.473333333333334,1.8566666666666682,1.2400000000000007,0.7166666666666676,0.19333333333333474,-0.32999999999999957,-0.47333333333333283,-0.6166666666666663,-0.7599999999999996,-0.3033333333333349,0.15333333333333254,0.6099999999999999,0.6099999999999999
2.1100000000000003,2.1100000000000003,2.046666666666667,1.9833333333333336,1.9200000000000004,2.2044444444444444,2.488888888888889,2.7733333333333334,3.043333333333333,3.3133333333333335,3.5833333333333335,3.687777777777778,3.792222222222222,3.896666666666667,3.515555555555556,3.1344444444444455,2.7533333333333334,2.145555555555556,1.5377777777777792,0.9300000000000003,0.45222222222222286,-0.025555555555554537,-0.5033333333333332,-0.5577777777777777,-0.6122222222222221,-0.6666666666666666,-0.2122222222222239,0.2422222222222214,0.6966666666666665,0.6966666666666665
1.7600000000000005,1.7600000000000005,1.7200000000000006,1.6800000000000006,1.6400000000000006,2.005555555555556,2.3711111111111114,2.7366666666666664,3.0066666666666664,3.2766666666666664,3.5466666666666664,3.6322222222222225,3.7177777777777776,3.8033333333333337,3.3411111111111116,2.8788888888888904,2.4166666666666674,1.8177777777777788,1.2188888888888907,0.6200000000000006,0.18777777777777863,-0.2444444444444433,-0.6766666666666664,-0.6422222222222221,-0.6077777777777779,-0.5733333333333336,-0.12111111111111283,0.33111111111111025,0.7833333333333332,0.7833333333333332
1.41,1.41,1.3933333333333333,1.3766666666666667,1.36,1.8066666666666666,2.2533333333333334,2.6999999999999997,2.9699999999999998,3.2399999999999998,3.51,3.5766666666666667,3.643333333333333,3.71,3.166666666666667,2.6233333333333344,2.08,1.4900000000000007,0.9000000000000011,0.31,-0.0766666666666663,-0.4633333333333326,-0.85,-0.7266666666666668,-0.6033333333333335,-0.4800000000000003,-0.03000000000000155,0.41999999999999926,0.87,0.87
1.0300000000000002,1.0300000000000002,1.0311111111111113,1.0322222222222226,1.0333333333333337,1.4800000000000002,1.926666666666667,2.373333333333333,2.6433333333333335,2.9133333333333336,3.1833333333333336,3.308888888888889,3.4344444444444444,3.56,3.151111111111111,2.742222222222223,2.333333333333333,1.7855555555555558,1.2377777777777783,0.6899999999999996,0.5688888888888884,0.4477777777777773,0.3266666666666657,0.54111111111111,0.755555555555554,0.9699999999999983,1.3644444444444417,1.758888888888887,2.153333333333332,2.153333333333332
0.6500000000000007,0.6500000000000007,0.6688888888888895,0.6877777777777784,0.7066666666666673,1.1533333333333338,1.6000000000000003,2.046666666666667,2.316666666666667,2.586666666666667,2.856666666666667,3.0411111111111113,3.2255555555555557,3.4099999999999997,3.135555555555556,2.861111111111111,2.586666666666666,2.081111111111111,1.5755555555555556,1.0699999999999992,1.214444444444443,1.3588888888888873,1.5033333333333314,1.8088888888888868,2.1144444444444415,2.419999999999997,2.758888888888885,3.0977777777777744,3.4366666666666643,3.4366666666666643
0.27,0.27,0.3066666666666667,0.3433333333333333,0.38,0.8266666666666665,1.273333333333333,1.7199999999999995,1.9899999999999998,2.26,2.53,2.773333333333333,3.016666666666666,3.2599999999999993,3.12,2.98,2.84,2.376666666666667,1.913333333333334,1.45,1.8599999999999997,2.2699999999999996,2.68,3.0766666666666667,3.4733333333333327,3.869999999999999,4.153333333333332,4.436666666666666,4.72,4.72
0.1033333333333335,0.1033333333333335,0.14555555555555572,0.1877777777777779,0.23000000000000012,0.6766666666666667,1.123333333333333,1.5699999999999998,1.8844444444444441,2.198888888888889,2.513333333333333,2.7577777777777777,3.0022222222222217,3.246666666666666,3.1455555555555557,3.0444444444444443,2.943333333333333,2.772222222222222,2.6011111111111105,2.429999999999999,2.8466666666666653,3.263333333333332,3.6799999999999993,4.158888888888888,4.637777777777776,5.1166666666666645,5.253333333333332,5.389999999999999,5.5266666666666655,5.5266666666666655
-0.06333333333333302,-0.06333333333333302,-0.015555555555555278,0.032222222222222485,0.08000000000000027,0.5266666666666668,0.9733333333333334,1.42,1.7788888888888887,2.137777777777778,2.4966666666666666,2.742222222222222,2.9877777777777776,3.233333333333333,3.171111111111111,3.1088888888888886,3.0466666666666664,3.167777777777777,3.2888888888888874,3.409999999999998,3.8333333333333313,4.256666666666664,4.679999999999998,5.241111111111109,5.80222222222222,6.36333333333333,6.353333333333332,6.343333333333331,6.333333333333331,6.333333333333331
-0.23,-0.23,-0.1766666666666667,-0.12333333333333335,-0.07000000000000002,0.3766666666666666,0.8233333333333331,1.2699999999999998,1.673333333333333,2.0766666666666667,2.48,2.7266666666666666,2.973333333333333,3.2199999999999998,3.1966666666666668,3.1733333333333333,3.15,3.563333333333333,3.9766666666666657,4.39,4.819999999999999,5.249999999999999,5.68,6.323333333333332,6.966666666666666,7.6099999999999985,7.453333333333334,7.296666666666667,7.14,7.14
-0.27999999999999997,-0.27999999999999997,-0.14222222222222228,-0.00444444444444456,0.13333333333333314,0.5755555555555553,1.0177777777777774,1.4599999999999997,1.8711111111111105,2.282222222222222,2.6933333333333334,2.961111111111111,3.2288888888888883,3.496666666666666,3.666666666666666,3.8366666666666656,4.006666666666666,4.436666666666666,4.8666666666666645,5.296666666666666,5.737777777777777,6.178888888888887,6.619999999999999,7.051111111111109,7.482222222222221,7.913333333333332,7.710000000000001,7.506666666666667,7.303333333333333,7.303333333333333
-0.3299999999999999,-0.3299999999999999,-0.10777777777777789,0.11444444444444422,0.3366666666666663,0.774444444444444,1.2122222222222216,1.6499999999999995,2.068888888888888,2.4877777777777776,2.9066666666666663,3.195555555555555,3.484444444444444,3.7733333333333325,4.136666666666665,4.499999999999998,4.8633333333333315,5.309999999999998,5.756666666666664,6.203333333333332,6.655555555555553,7.107777777777775,7.559999999999998,7.778888888888887,7.9977777777777765,8.216666666666665,7.966666666666667,7.716666666666667,7.466666666666666,7.466666666666666
-0.3799999999999999,-0.3799999999999999,-0.07333333333333349,0.23333333333333303,0.5399999999999994,0.9733333333333327,1.406666666666666,1.8399999999999994,2.2666666666666657,2.693333333333333,3.1199999999999997,3.4299999999999993,3.739999999999999,4.049999999999999,4.606666666666665,5.16333333333333,5.719999999999997,6.18333333333333,6.646666666666663,7.109999999999998,7.573333333333331,8.036666666666664,8.499999999999998,8.506666666666664,8.513333333333332,8.52,8.223333333333334,7.926666666666666,7.63,7.63
-0.18333333333333404,-0.18333333333333404,0.1933333333333323,0.5699999999999987,0.9466666666666651,1.3966666666666652,1.846666666666665,2.2966666666666646,2.72222222222222,3.147777777777776,3.573333333333332,3.8722222222222205,4.171111111111109,4.469999999999998,5.043333333333331,5.616666666666664,6.189999999999998,6.681111111111108,7.17222222222222,7.663333333333331,7.9288888888888875,8.194444444444443,8.46,8.415555555555557,8.371111111111112,8.326666666666668,8.030000000000001,7.733333333333334,7.436666666666667,7.436666666666667
0.01333333333333296,0.01333333333333296,0.4599999999999994,0.9066666666666661,1.3533333333333324,1.8199999999999992,2.2866666666666657,2.753333333333332,3.1777777777777767,3.6022222222222213,4.026666666666666,4.314444444444444,4.602222222222221,4.889999999999999,5.479999999999999,6.069999999999998,6.659999999999999,7.1788888888888875,7.697777777777776,8.216666666666665,8.284444444444444,8.352222222222222,8.42,8.324444444444445,8.22888888888889,8.133333333333335,7.836666666666668,7.540000000000001,7.243333333333333,7.243333333333333
0.21,0.21,0.7266666666666666,1.2433333333333334,1.7599999999999998,2.243333333333333,2.7266666666666666,3.2099999999999995,3.633333333333333,4.056666666666667,4.48,4.756666666666667,5.033333333333333,5.31,5.916666666666666,6.523333333333332,7.13,7.676666666666666,8.223333333333333,8.77,8.64,8.51,8.38,8.233333333333334,8.086666666666668,7.94,7.643333333333334,7.346666666666668,7.05,7.05
0.21,0.21,0.7266666666666666,1.2433333333333334,1.7599999999999998,2.243333333333333,2.7266666666666666,3.2099999999999995,3.633333333333333,4.056666666666667,4.48,4.756666666666667,5.033333333333333,5.31,5.916666666666666,6.523333333333332,7.13,7.676666666666666,8.223333333333333,8.77,8.64,8.51,8.38,8.233333333333334,8.086666666666668,7.94,7.643333333333334,7.346666666666668,7.05,7.05
